Map_dump  
Parameter: ETRef
Number of cells: 451
6463.730
6945.389
6882.332
6915.985
6862.991
6769.791
6704.353
6733.246
6718.117
6620.415
6491.051
6467.606
6649.147
6481.064
6906.387
6864.983
6855.423
6896.568
6890.488
6880.798
6877.609
6842.209
6747.643
6737.831
6698.677
6641.823
6637.955
6774.567
6798.439
6663.284
6839.890
6921.646
6922.592
6872.566
6794.075
6708.298
6790.855
6778.992
6740.669
6765.968
6834.633
6794.151
6676.010
6713.936
6682.358
6674.385
6731.361
6820.969
6902.168
6803.596
6790.344
6855.782
6838.036
6754.936
6661.118
6638.588
6702.164
6689.308
6610.008
6584.084
6645.966
6676.308
6564.827
6558.968
6556.297
6621.063
6720.963
6744.926
6773.346
6745.110
6749.321
6736.557
6692.131
6614.952
6572.044
6663.948
6588.516
6625.511
6539.551
6431.183
6423.714
6558.739
6502.449
6371.208
6323.738
6402.168
6549.004
6623.047
6536.415
6492.119
6676.903
6662.392
6484.871
6437.820
6477.310
6539.444
6596.268
6446.716
6534.599
6516.876
6430.290
6364.906
6400.864
6496.712
6376.129
6135.124
6079.849
6286.339
6474.152
6665.390
6662.506
6378.738
6301.720
6277.557
6363.213
6467.659
6432.999
6666.946
6538.322
6457.344
6362.228
6282.837
6322.334
6444.160
6375.519
6326.004
6261.780
6214.539
6362.083
6432.793
6396.492
6472.588
6116.852
6172.722
6250.633
6380.173
6494.698
6436.653
6447.968
6161.209
6155.609
6169.121
6119.141
6099.854
6194.496
6264.259
6095.856
6233.109
6257.179
6154.694
6161.736
5878.647
5971.779
6043.480
6068.901
6063.286
6017.372
6006.493
5892.906
5892.365
5856.026
5773.643
5794.258
5852.043
5928.978
5862.747
5911.667
5935.532
5892.288
5875.191
5782.402
5818.169
5838.593
5780.556
5673.256
5611.580
5696.556
5667.770
5594.185
5497.429
5414.879
5403.664
5512.283
5608.719
5626.602
5611.435
5632.721
5650.864
5714.340
5793.617
5830.971
5811.081
5789.528
5709.869
5573.105
5474.541
5642.296
5535.019
5333.893
5238.708
5208.626
4987.419
5225.929
5349.434
5434.227
5447.838
5419.754
5351.425
5604.935
5761.063
6021.126
5894.356
5942.314
5861.580
5741.890
5636.345
5474.586
5585.312
5493.996
5197.563
5158.875
5157.753
4617.523
4892.441
4948.669
5173.820
5208.229
5017.921
5005.318
5582.703
5914.299
5943.893
5842.484
5691.635
5680.397
5616.486
5527.710
5619.621
5412.537
5290.962
5381.035
5312.050
5174.751
5432.030
4703.819
4506.790
4853.477
5304.184
5474.724
5510.300
5233.093
5316.284
5356.506
5422.760
5562.027
5722.443
5768.898
5305.809
5063.301
5107.933
5252.838
5326.118
5273.636
5370.903
5155.022
5084.198
5139.908
5358.704
5581.474
5385.529
5295.059
5415.085
5552.849
5180.191
5264.091
5493.660
5572.647
5474.548
5118.340
5256.577
5646.782
5984.360
6130.005
5711.838
5536.247
5440.063
5361.061
5288.948
5391.846
5260.750
4914.619
4897.118
5023.247
5096.474
4974.113
5261.559
5197.533
5035.202
4992.752
5187.431
5480.576
5483.025
5547.432
5451.721
5351.624
5106.895
5270.378
5290.680
5320.213
5414.650
5193.405
5225.121
4678.741
4755.089
5225.243
5818.428
6221.443
5998.772
5476.051
5108.971
4891.815
4873.749
5273.987
5088.249
4827.522
4583.855
4480.377
4503.761
4475.182
4738.213
4717.926
4538.116
4457.214
4595.345
5013.268
5128.479
5262.947
5165.222
5061.729
4630.928
4610.085
4622.375
4647.408
4986.176
5332.977
5411.034
5261.505
4974.899
4564.468
4797.340
4232.620
4194.389
4557.877
5211.250
5831.055
5845.535
5139.954
4630.768
4396.034
4573.357
5108.788
4636.658
4528.152
4087.280
3788.918
4065.933
3873.497
3808.289
4004.265
4475.479
4536.041
4722.748
4756.454
4698.143
4585.777
4325.516
4263.275
4392.242
4676.407
5190.300
4803.596
4797.737
4726.776
4434.738
4145.241
4243.790
4084.892
3758.263
4074.051
4973.488
5423.157
5635.857
5151.932
4404.404
4090.927
4217.354
4315.605
4530.861
4469.833
4486.855
4618.027
4602.814
4828.842
4926.285
4537.956
4107.567
3865.120
3887.581
3802.353
4260.002
3890.083
3955.269
4148.018
4526.115
4982.300
4115.425
3628.487
3312.500
3333.389
3701.187
4057.045
3953.796
3983.574
4145.050
4423.706
3690.849
3408.386
4218.300
3856.255
4024.574
4265.083
4490.288
4653.297
4046.097
3730.377
4047.104
4484.612
4696.381
4281.181
4252.754
3967.300
4090.744
4358.681
4175.812
4405.777
4070.396
3995.674
4053.429
4104.477
4043.625
4134.361
