Map_dump  
Parameter: Precipitation
Number of cells: 451
8557.369
8309.967
8199.054
8183.815
8199.768
8280.321
8231.646
8504.884
8595.811
8568.455
8569.034
8715.849
9069.773
9448.284
8408.072
8344.278
8325.212
8454.811
8524.837
8593.326
8706.695
8838.923
8851.217
8841.680
8792.646
8773.636
8831.340
8966.840
9156.564
9349.204
8790.573
8934.981
8841.407
8663.471
8539.765
8495.742
8508.215
8724.721
8871.593
8961.488
9054.834
9181.266
9167.698
9079.812
9035.462
9062.222
9149.427
9270.788
9456.695
9530.725
9230.147
9245.080
9085.687
8923.365
8868.603
8898.969
8944.336
9180.459
9369.927
9443.327
9473.341
9586.085
9528.868
9494.990
9547.960
9675.499
9813.560
9904.420
10158.499
10135.855
9664.301
9581.227
9445.260
9372.674
9421.442
9558.213
9660.672
9932.835
10138.010
10196.116
10201.999
10319.894
10226.266
10227.422
10421.933
10706.695
10933.598
11015.683
11260.723
10311.325
10119.056
9912.641
9871.193
9884.517
9945.932
10089.097
10334.508
10467.052
10881.624
11149.699
11242.334
11276.824
11378.637
11223.525
11168.135
11510.674
11947.137
12252.815
10991.703
10760.290
10417.996
10249.376
10324.545
10376.075
10435.945
10585.106
10867.360
11103.407
11609.883
12025.635
12206.339
12156.309
11997.914
11861.534
11802.604
12136.447
12557.651
11951.032
12114.612
12060.380
11799.410
11507.874
11168.266
11292.677
11517.839
11654.257
11745.269
11994.985
12320.531
12885.980
13268.886
13594.813
13676.716
13117.095
12594.833
12778.325
12467.946
12631.128
12677.615
12566.512
12263.027
12006.480
12009.122
12273.813
12444.346
12459.516
12577.596
12808.104
13311.107
13598.181
13982.783
14313.421
13996.457
13246.188
13458.985
13920.126
12941.091
12974.696
12946.768
12712.489
12485.175
12499.653
12687.893
12777.310
12726.179
12735.665
12846.117
13261.080
13561.869
13893.811
14217.672
14249.384
13810.022
13840.234
14241.588
14647.636
13247.034
13147.429
13044.053
12927.949
12672.723
12822.542
12911.577
12889.802
12805.514
12745.436
12840.852
13219.718
13588.301
13868.513
14063.463
14227.948
14429.936
14191.443
14452.059
14829.369
15064.328
15245.206
13232.547
13013.391
12863.530
12827.732
12923.503
12980.631
12993.040
12931.589
12787.372
12987.220
13367.802
13631.619
13999.690
14439.833
14697.046
15215.646
14765.519
14895.880
15050.202
14902.123
14779.329
13008.453
12689.047
12577.627
12563.900
12582.945
12597.871
12625.438
12688.839
12817.163
13112.820
13268.003
13423.532
13618.178
14033.303
14848.368
15311.419
14684.038
14403.594
14343.148
14303.018
14349.547
12623.153
13101.241
12773.634
12589.072
12428.796
12382.146
12695.373
12878.435
12786.630
12807.178
12849.522
12896.165
13062.580
13387.978
13420.521
13269.382
13228.951
13452.353
13871.116
14191.247
13950.364
13788.993
13836.769
12211.985
11886.682
11827.154
12169.100
12498.120
12229.971
11998.704
12077.073
12227.769
11992.453
12339.324
12371.917
12460.715
12338.076
12193.822
12592.175
13067.061
13056.785
12995.956
12949.359
12936.270
12973.785
13031.180
13351.377
13313.449
13193.422
13241.632
13484.682
13710.440
13814.757
14005.289
14413.677
12348.310
11830.658
11463.861
11418.247
11539.569
11546.674
12303.107
11888.641
11344.339
11094.153
11119.066
11172.378
11879.295
12367.526
12555.680
12297.832
12026.512
12527.436
13379.092
13662.245
13694.701
13765.765
13858.873
13725.678
13592.784
14106.635
14211.041
14068.669
13930.831
13909.472
13988.811
14089.165
14585.045
15409.311
13515.564
13156.316
12737.360
12313.106
11695.042
10826.105
10726.186
11197.866
11494.060
11020.638
12135.689
12075.902
11485.768
10931.979
10732.165
10932.004
11655.682
12484.951
12593.800
12301.324
12201.567
12763.744
13396.823
13972.217
14356.770
14675.269
15249.627
15424.069
15251.014
15019.039
14940.150
14854.162
14752.469
15392.846
16375.790
13252.975
13137.740
12760.264
12160.542
11598.631
10958.122
9753.696
9877.802
10613.894
11045.913
10853.792
11759.982
12110.467
11740.008
11175.493
10725.174
10434.205
11034.900
12178.958
12553.417
12707.964
12960.662
13030.652
12463.495
12248.437
11968.392
11444.249
10448.961
9261.809
9578.938
9979.853
10368.908
10712.808
10855.500
10637.077
11545.879
11725.548
10747.252
9448.784
8485.424
8148.124
9760.513
10330.291
10531.867
10424.428
10246.661
11806.633
11024.893
10300.581
9559.154
8716.944
9584.333
9588.604
11926.512
10832.223
9934.349
9291.908
8948.740
8514.305
11311.788
10313.245
9477.835
9013.399
8690.063
13293.645
13025.635
12013.611
11071.722
10178.642
9137.486
8529.856
12547.488
12102.751
11049.173
10007.612
8945.864
12606.920
