Map_dump  
Parameter: totalET
Number of cells: 451
4472.471
4535.753
4589.902
4438.586
4396.603
4382.486
4413.506
4558.522
4566.792
4473.171
4736.949
4316.741
4413.054
4607.750
4621.300
4653.577
4853.944
4705.113
4698.656
4574.727
4482.790
4513.616
4559.246
4641.507
4581.812
4500.541
4842.283
4446.559
4459.355
4410.511
5315.624
5594.713
5835.109
5823.691
5450.613
5090.404
5048.062
4989.336
5286.120
5094.353
4552.898
4908.786
4618.937
4715.225
4596.224
4544.089
4494.512
4484.620
4545.769
4488.585
5699.812
5658.730
5376.229
5670.655
5211.473
5281.113
5178.534
4762.025
4932.332
5105.220
5105.976
4779.088
4998.077
4485.903
4731.824
4532.470
4846.820
4482.831
4512.905
4617.623
5816.935
5866.104
5779.876
5852.693
5431.122
5373.301
5241.921
5141.071
5552.481
5554.192
5473.058
4972.538
4752.092
5131.442
5571.555
5944.492
5887.055
5585.369
5358.383
5571.496
5632.745
5797.387
4574.071
5617.749
5879.092
5589.406
5055.486
4600.688
5180.436
5963.285
5767.345
5850.497
5665.325
5666.011
5277.320
5178.430
5571.557
5878.447
5624.490
5995.994
6128.885
5991.694
4762.968
5684.150
5798.732
5802.923
5466.684
5167.906
5469.602
5596.183
5382.582
5422.948
5578.907
5487.533
5247.693
5146.569
4911.709
5942.230
5771.881
6028.664
5752.380
5931.724
5605.221
4740.065
5529.481
5765.505
4358.584
3347.040
4714.344
5044.057
5474.393
5584.745
5504.083
4872.290
4985.741
5132.530
5633.684
5794.360
5665.109
5818.124
6052.574
5827.405
5404.324
5794.200
5860.300
5678.019
5591.374
5616.101
5143.966
5273.636
5392.275
5096.120
4665.832
3306.215
5080.874
5270.978
5571.917
5644.538
5772.986
5609.217
5459.557
5283.242
5263.683
5367.666
5093.692
4987.430
5162.604
5189.709
5043.887
5050.765
4944.626
4991.703
4931.188
5025.779
5439.939
5561.395
5413.249
5531.193
5568.549
5603.137
5308.943
4942.597
5454.874
5611.129
5175.598
5085.564
5386.132
5345.348
5334.635
5220.886
5311.974
5142.500
5468.614
5035.268
5542.864
5747.357
5572.336
5516.236
5448.771
5645.645
5771.037
5438.450
5682.029
5616.633
5605.479
5583.147
5365.195
5506.221
5112.097
5154.302
5290.838
3983.528
4711.675
4786.613
4845.019
4659.001
4751.912
5238.847
5292.202
5160.898
5234.135
5703.343
5703.598
5590.732
5791.644
5784.823
5624.903
6063.913
5735.245
5603.391
5022.275
5555.443
4728.622
4198.420
4039.005
4481.063
4788.186
5434.507
5765.592
5729.372
4908.282
4526.478
4897.624
5224.983
5613.704
5534.788
6186.724
5759.355
5523.655
5529.629
5736.373
5764.748
5755.917
5679.910
5474.819
5193.853
5182.761
5620.227
5886.599
5803.415
5531.927
5155.427
5724.325
4046.855
4432.408
5104.261
5495.935
5338.635
5091.033
5032.181
5255.773
4843.317
5729.174
5815.579
5534.106
5789.787
5748.586
5216.467
5866.254
5721.364
5327.955
5232.099
5322.648
5443.072
5169.829
5217.331
5125.086
4945.819
5146.567
5154.252
5440.814
5742.380
5713.335
5547.166
5395.358
3975.954
4598.730
4906.775
5358.230
5317.945
4483.374
4906.694
4944.847
5115.163
5359.498
5794.308
6182.010
6196.681
5869.283
5450.287
5129.293
5178.293
5792.750
5422.000
4430.138
4583.967
4574.916
4300.550
4534.917
4585.904
4669.614
3855.975
4292.432
5087.330
5447.646
5442.925
5645.205
5432.666
5477.981
4509.504
4224.739
4227.308
4780.565
4713.502
5273.849
5473.820
4740.106
4212.451
4187.604
3063.832
3356.937
4280.554
4712.687
5189.585
5917.832
6251.395
5284.676
4460.246
4714.516
4818.308
4857.113
3642.204
3257.680
3204.606
1526.558
2066.938
1110.611
3306.172
3682.236
4274.891
4868.079
4974.885
4665.658
4188.582
3860.098
3157.380
3954.957
3902.793
4165.946
4884.578
4764.867
4590.710
3434.501
3651.134
3558.183
2946.475
1552.388
3497.057
3428.259
4887.791
5561.167
5580.712
3878.430
3601.350
2759.117
2673.500
3588.089
4224.812
3656.699
3470.756
3841.076
4127.696
4682.290
4115.090
3004.653
2240.089
2191.319
2732.994
2793.231
1954.799
1060.660
2954.550
3707.991
4099.775
3872.187
1827.270
667.701
1712.426
1979.611
2627.489
2554.116
3121.316
3578.611
3499.780
2921.232
805.978
1181.088
2232.938
2996.284
2994.236
2334.789
2573.289
2926.822
3608.215
2469.396
1900.254
2712.032
2885.914
2509.186
2802.429
3588.605
2701.307
2443.385
3030.505
2521.662
2944.445
2458.764
2465.690
2425.662
2358.793
1989.503
